,http2,http3
0,0.118178,0.080598
1,0.102698,0.102525
2,0.275001,0.064135
3,0.069631,0.067273
4,0.069765,0.061077
5,0.09629,0.070835
6,0.08099,0.081456
7,0.094399,0.071597
8,0.074934,0.065626
9,0.105228,0.175674
10,0.084093,0.070383
11,0.071092,0.141145
12,0.08097,0.073212
13,0.075887,0.064579
14,0.089,0.071775
15,0.068654,0.064235
16,0.071081,0.084022
17,0.081938,0.060371
18,0.066797,0.064905
19,0.084644,0.08551
20,0.090211,0.083453
21,0.107941,0.069018
22,0.071639,0.072952
23,0.081475,0.09349
24,0.075109,0.068514
25,0.078694,0.095463
26,0.071744,0.075904
27,0.076424,0.062655
28,0.079853,0.104575
29,0.072095,0.077047
30,0.075398,0.082087
31,0.172868,0.073932
32,0.070635,0.069975
33,0.069395,0.058773
34,0.069478,0.077273
35,0.072893,0.06672
36,0.069738,0.087773
37,0.074349,0.072761
38,0.073245,0.081869
39,0.084282,0.066394
40,0.069576,0.071426
41,0.086891,0.060469
42,0.069442,0.062269
43,0.080986,0.065957
44,0.068977,0.086089
45,0.073187,0.071617
46,0.079147,0.060758
47,0.069849,0.063517
48,0.070583,0.07719
49,0.073696,0.092936
50,0.065872,0.079654
51,0.080483,0.070251
52,0.068695,0.064181
53,0.085227,0.077216
54,0.076136,0.062886
55,0.080882,0.065104
56,0.083323,0.079875
57,0.080749,0.079808
58,0.08181,0.090664
59,0.069141,0.066817
60,0.068792,0.079649
61,0.068305,0.074377
62,0.074244,0.066158
63,0.070012,0.073489
64,0.06616,0.081879
65,0.072916,0.089588
66,0.069712,0.060413
67,0.068851,0.07606
68,0.069546,0.064069
69,0.111857,0.080412
70,0.095559,0.089372
71,0.069334,0.089793
72,0.084398,0.075188
73,0.071084,0.065178
74,0.081508,0.065341
75,0.10638,0.072479
76,0.083959,0.080796
77,0.075658,0.077531
78,0.074462,0.067837
79,0.092259,0.057944
80,0.068797,0.059031
81,0.076859,0.063894
82,0.071908,0.089317
83,0.077173,0.065536
84,0.0851,0.075967
85,0.08117,0.067122
86,0.068913,0.062479
87,0.106813,0.082446
88,0.069432,0.069351
89,0.079223,0.069083
90,0.068269,0.077409
91,0.083332,0.105738
92,0.076856,0.075284
93,0.081818,0.063507
94,0.077588,0.06811
95,0.078828,0.060445
96,0.065915,0.061876
97,0.071392,0.080133
98,0.077049,0.071621
99,0.06935,0.057078
